((("process" .
   [1 0 0 0 0 0 0])
  ("by" .
   [1 0])
  ("one" .
   [2 0 0])
  ("list" .
   [1 0 0 0])
  ("have" .
   [1 0 0 0])
  ("going" .
   [2 0 0 0 0])
  ("are" .
   [1 0 0])
  ("want" .
   [1 0 0 0])
  ("you" .
   [1 0 0])
  ("what" .
   [1 0 0 0])
  ("mind" .
   [1 0 0 0])
  ("your" .
   [1 0 0 0])
  ("up" .
   [1 0])
  ("only" .
   [1 0 0 0])
  ("time" .
   [1 0 0 0])
  ("there" .
   [1 0 0 0 0])
  ("matters" .
   [1 0 0 0 0 0 0])
  ("into" .
   [1 0 0 0])
  ("light" .
   [1 0 0 0 0])
  ("keep" .
   [1 0 0 0])
  ("learn" .
   [1 0 0 0 0])
  ("just" .
   [1 0 0 0])
  ("language" .
   [1 0 0 0 0 0 0 0])
  ("body" .
   [1 0 0 0])
  ("conversational" .
   [1 0 0 0 0 0 0 0 0 0 0 0 0 0])
  ("don't" .
   [2 0 0 0 0])
  ("though" .
   [1 0 0 0 0 0])
  ("cider" .
   [1 0 0 0 0])
  ("clomacs" .
   [1 0 0 0 0 0 0])
  (":shkr" .
   [1 0 0 0 0])
  (":motif4" .
   [1 0 0 0 0 0 0])
  ("ticker" .
   [1 0 0 0 0 0])
  ("drum-p" .
   [1 0 0 0 0 0])
  (":sdst" .
   [2 0 0 0 0])
  ("s/set-arg" .
   [0 0 0 0 0 0 0 0 1])
  (":p1" .
   [2 0 0])
  ("ambient" .
   [2 0 0 0 0 0 0])
  (":m" .
   [9 0])
  ("my-bass" .
   [3 0 0 0 0 0 0])
  ("mystery" .
   [0 0 0 1 0 0 0])
  ("1.4" .
   [1 0 0])
  ("song-of-storms" .
   [0 0 0 1 0 0 1 0 0 0 0 0 0 0])
  ("song-of-storms-h" .
   [0 0 0 0 0 1 0 0 0 0 0 0 0 0 0 0])
  ("z2" .
   [1 0])
  ("z1" .
   [3 0])
  ("0.9" .
   [1 0 0])
  (":test" .
   [1 0 0 0 0])
  ("build-from-kits" .
   [0 0 0 0 0 0 0 0 0 0 1 0 0 0 0])
  ("s/rm-p" .
   [4 0 0 0 0 0])
  ("plk-bass" .
   [0 0 0 0 1 0 0 0])
  (":delay-time" .
   [0 0 0 0 0 1 0 0 0 0 0])
  (":max-delay" .
   [0 0 0 0 0 0 0 1 0 0])
  (":Bb4" .
   [3 0 0 0])
  ("reverb-test" .
   [0 0 0 0 0 0 0 2 1 1 0])
  ("reverb" .
   [0 0 0 1 0 1])
  (":main1" .
   [7 0 0 0 0 0])
  ("s/build-rest-p" .
   [0 0 0 0 0 0 1 1 0 0 0 0 0 0])
  ("trigger-synth" .
   [0 0 0 0 0 0 0 0 0 0 2 0 0])
  ("false?" .
   [0 0 0 0 0 1])
  ("note-arg" .
   [2 0 0 0 0 0 0 0])
  (":atk" .
   [1 0 0 0])
  ("bpf" .
   [1 0 0])
  ("scatterbrain" .
   [0 0 0 0 0 0 0 1 0 0 0 0])
  ("klang-test" .
   [1 0 0 0 0 0 0 0 1 0])
  ("klang" .
   [0 0 0 1 0])
  ("r-prog" .
   [1 0 0 0 0 0])
  ("0.001" .
   [4 0 0 0 0])
  ("impeach-the-president" .
   [0 0 0 0 0 1 0 0 0 0 0 0 0 0 0 0 0 0 0 0 0])
  ("bossa-nova" .
   [0 0 0 0 1 0 0 0 0 0])
  (":25" .
   [1 0 0])
  (":24" .
   [3 0 0])
  (":22" .
   [1 0 0])
  ("comps" .
   [1 0 0 0 0])
  ("parts" .
   [2 0 0 0 0])
  (":Ab4" .
   [4 0 0 0])
  ("bpfsaw" .
   [4 0 1 0 0 1])
  (":M" .
   [10 0])
  (":9" .
   [3 0])
  (":8" .
   [3 0])
  (":7" .
   [7 0])
  ("midi->hz" .
   [1 0 0 0 0 2 1 0])
  (":7sus2" .
   [1 0 0 0 0 0])
  ("env-gen:kr" .
   [2 0 0 0 0 0 0 0 0 0])
  ("adsr-ng" .
   [0 0 0 1 0 0 0])
  ("track2" .
   [12 0 0 0 0 0])
  (":F#" .
   [5 0 0])
  (":release" .
   [8 0 0 0 0 0 0 0])
  (":Bb" .
   [5 0 0])
  ("s/chord-p" .
   [0 0 0 0 0 0 2 1 0])
  ("chicago-pad" .
   [6 0 0 0 0 1 0 0 0 0 0])
  ("allpass-c" .
   [1 0 0 0 0 0 0 0 0])
  ("all" .
   [1 0 0])
  ("linen" .
   [1 0 0 0 0])
  ("0.8" .
   [5 0 0])
  ("delay-c" .
   [1 0 0 0 0 0 0])
  ("moog-ff" .
   [1 0 0 0 0 0 0])
  ("-11" .
   [1 0 0])
  ("-9" .
   [1 0])
  ("g-verb" .
   [1 0 0 0 0 0])
  ("rlpf" .
   [1 0 0 0])
  ("mix" .
   [1 0 0])
  ("f" .
   [2])
  ("freqs" .
   [2 0 0 0 0])
  ("saw" .
   [1 0 0])
  ("sin-osc:kr" .
   [3 0 0 0 0 0 0 0 0 0])
  ("cutoff" .
   [3 0 0 0 0 0])
  ("tekno" .
   [12 0 0 0 0])
  ("techno1" .
   [1 0 0 0 0 0 0])
  (":5" .
   [15 0])
  (":F3" .
   [2 0 0])
  ("bass" .
   [1 0 0 0])
  (":G4" .
   [5 0 0])
  (":A4" .
   [6 0 0])
  (":E4" .
   [7 0 0])
  (":C5" .
   [4 0 0])
  ("0.08" .
   [2 0 0 0])
  (":E" .
   [10 0])
  ("a" .
   [2])
  (":0" .
   [3 0])
  (":A" .
   [11 0])
  (":B3" .
   [4 0 0])
  ("greenhill" .
   [1 0 0 0 2 1 0 0 0])
  (":B4" .
   [6 0 0])
  (":F4" .
   [3 0 0])
  (":D4" .
   [5 0 1])
  (":D" .
   [5 0])
  ("data" .
   [2 0 0 0])
  ("sequencer-data" .
   [1 0 0 0 0 0 0 0 0 0 0 0 0 0])
  (":G5" .
   [2 0 0])
  (":A5" .
   [2 0 0])
  (":B5" .
   [2 0 0])
  (":C6" .
   [2 0 0])
  (":attack" .
   [7 0 0 0 0 0 0])
  ("ping" .
   [2 0 0 0])
  ("flute" .
   [5 0 0 0 0])
  (":C#" .
   [1 0 0])
  (":C" .
   [12 0])
  (":F#4" .
   [2 0 0 0])
  (":6" .
   [15 0])
  (":4" .
   [16 0])
  (":3" .
   [28 0])
  (":1" .
   [30 0])
  (":2" .
   [32 0])
  ("1.2" .
   [3 0 0])
  ("2.75" .
   [2 0 0 0])
  ("boc-beat" .
   [1 0 0 0 0 0 0 0])
  ("1.5" .
   [7 0 0])
  (":a" .
   [27 0])
  ("zap" .
   [20 0 0])
  ("out:ar" .
   [1 0 0 0 0 0])
  (":mul" .
   [1 0 0 0])
  ("lf-tri" .
   [1 0 0 0 0 0])
  ("x-line" .
   [1 0 0 0 0 0])
  ("freq2" .
   [2 0 0 0 0])
  ("freq1" .
   [2 0 0 0 0])
  ("d/quick-kick" .
   [1 0 0 0 0 0 0 1 0 0 0 0])
  ("d/kick4" .
   [1 0 0 0 0 0 0])
  ("d/kick3" .
   [1 0 0 0 0 0 0])
  ("d/kick" .
   [2 0 0 0 0 0])
  (":pulse" .
   [1 0 0 0 0 0])
  ("3.5" .
   [1 0 0])
  ("3.75" .
   [1 0 0 0])
  ("4.75" .
   [2 0 0 0])
  ("prog" .
   [2 0 0 0])
  ("4.25" .
   [1 0 0 0])
  ("meh" .
   [1 0 0])
  (".compareAndSet" .
   [0 0 0 0 0 0 0 0 0 1 0 0 0 0])
  ("9.25" .
   [2 0 0 0])
  ("pat" .
   [2 0 0])
  (":node" .
   [1 0 0 0 0])
  ("1.75" .
   [6 0 0 0])
  (":motif" .
   [9 0 0 0 0 0])
  ("2.25" .
   [2 0 0 0])
  ("orig-beat" .
   [3 0 0 0 0 0 0 0 0])
  ("stepped-beat" .
   [0 0 0 0 0 0 0 1 1 0 0 0])
  ("wrap" .
   [1 0 0 0])
  ("rm-p" .
   [1 0 0 0])
  (":harmony" .
   [5 0 0 0 1 1 1 0])
  (":arp" .
   [3 0 0 0])
  (":main" .
   [3 0 0 0 0])
  ("sequential" .
   [1 0 0 0 0 0 0 0 0 0])
  ("next-beat" .
   [1 0 0 0 0 0 0 0 0])
  (".getAndSet" .
   [1 0 0 0 0 0 0 0 0 0])
  (".incrementAndGet" .
   [0 0 0 0 0 0 1 0 0 0 0 0 0 0 0 0])
  ("raw-size" .
   [1 0 0 0 0 0 0 0])
  (">=" .
   [1 0])
  ("step-beat" .
   [1 0 0 0 0 0 0 0 0])
  (".get" .
   [1 0 0 0])
  ("final-beat" .
   [1 0 0 0 0 0 0 0 0 0])
  ("AtomicInteger" .
   [2 0 0 0 0 0 1 0 1 0 0 0 0])
  ("java.util.concurrent" .
   [0 0 0 0 0 0 0 0 0 1 0 0 0 0 0 0 0 0 0 0])
  (":import" .
   [1 0 0 0 0 0 0])
  ("pattern-counters" .
   [0 0 0 0 0 0 0 0 0 1 1 0 2 0 0 0])
  ("counters" .
   [2 0 0 0 0 0 0 0])
  (":four-beat" .
   [0 0 0 0 1 2 0 0 0 0])
  (":six-eight" .
   [0 0 0 0 1 0 0 0 0 0])
  (":one-two" .
   [0 0 0 0 1 0 0 0])
  ("0.25" .
   [12 0 0 0])
  ("0.025" .
   [1 0 0 0 0])
  ("overpad2" .
   [2 0 0 0 0 0 0 0])
  ("allpass-n" .
   [1 0 0 0 0 0 0 0 0])
  ("sig" .
   [4 0 0])
  ("0.4" .
   [15 0 0])
  ("comb-n" .
   [1 0 0 0 0 0])
  ("com" .
   [1 0 0])
  ("overpad" .
   [8 0 0 0 0 0 0])
  ("0.04" .
   [1 0 0 0])
  ("0.3" .
   [19 0 0])
  ("it" .
   [1 0])
  ("access" .
   [1 0 0 0 0 0])
  ("cannot" .
   [1 0 0 0 0 0])
  ("logic" .
   [1 0 0 0 0])
  ("running" .
   [1 0 0 0 0 0 0])
  ("however" .
   [1 0 0 0 0 0 0])
  ("job" .
   [18 0 0])
  ("scheduled" .
   [1 0 0 0 0 0 0 0 0])
  ("contained" .
   [1 0 0 0 0 0 0 0 0])
  ("counter" .
   [5 0 0 0 0 0 0])
  ("stop-and-reset-pool!" .
   [0 0 0 0 0 0 0 0 1 0 0 0 0 0 0 0 0 0 0 0])
  ("mk-pool" .
   [2 0 0 0 0 0 0])
  ("pool" .
   [16 0 0 0])
  (".getId" .
   [1 0 0 0 0 0])
  ("get-s" .
   [1 0 0 0 0])
  ("patterns" .
   [4 0 0 0 0 0 0 0])
  ("sequencers" .
   [1 0 0 0 0 0 0 0 0 0])
  ("step" .
   [8 0 0 0])
  ("play" .
   [1 0 0 0])
  ("p" .
   [1])
  ("at" .
   [2 0])
  (":as" .
   [3 0 0])
  ("E" .
   [1])
  ("speed" .
   [7 0 0 0 0])
  ("period" .
   [2 0 0 0 0 0])
  ("every" .
   [1 0 0 0 0])
  ("defm" .
   [1 0 0 0])
  ("techno.sequencer.at-at" .
   [0 0 0 0 0 0 0 0 0 0 0 0 0 0 0 0 0 1 0 0 0 0])
  ("techno.sequencer" .
   [0 0 0 0 0 0 0 0 0 0 0 1 0 0 0 0])
  (":use" .
   [1 0 0 0])
  (":lydian" .
   [1 0 0 0 0 0 0])
  ("dust:kr" .
   [1 0 0 0 0 0 0])
  ("set-source" .
   [0 0 0 0 0 0 0 0 0 1])
  ("gets" .
   [1 0 0 0])
  ("t-synth-g" .
   [0 0 0 0 0 0 0 0 1])
  ("build-sequencer" .
   [0 0 0 0 0 0 0 1 0 0 1 0 0 0 0])
  ("buses" .
   [2 0 0 0 0])
  ("trigger-sources" .
   [2 0 0 0 0 0 0 0 0 0 0 0 0 0 0])
  ("swap" .
   [8 0 0 0])
  ("trigger-source" .
   [1 0 0 0 0 0 0 0 0 0 0 1 1 0])
  ("source-synth" .
   [4 0 0 0 0 0 0 1 0 0 0 0])
  (":tail" .
   [2 0 0 0 0])
  ("t-source-g" .
   [0 0 0 0 0 1 1 0 0 0])
  (":after" .
   [1 0 0 0 0 0])
  ("t-synth" .
   [1 0 0 1 0 0 0])
  ("group" .
   [1 0 0 0 0])
  ("trigger-buses" .
   [2 0 0 0 0 0 0 0 1 0 0 0 0])
  ("free-bus" .
   [1 0 0 0 0 0 0 0])
  ("to-sc-id" .
   [3 0 0 0 0 1 1 0])
  ("sources" .
   [3 0 0 0 0 0 0])
  ("source" .
   [5 0 0 0 0 0])
  ("trigger-bus" .
   [1 0 0 0 0 0 0 0 0 1 1])
  ("create-anon-synth" .
   [0 0 0 0 0 0 0 0 0 0 1 0 0 0 0 0 0])
  ("out:kr" .
   [1 0 0 0 0 0])
  ("ugen" .
   [5 0 0 0])
  ("t-ugen" .
   [3 0 0 0 0 0])
  ("slope" .
   [2 0 0 0 0])
  ("string/replace" .
   [1 0 0 0 0 0 0 0 0 0 0 0 0 0])
  ("string" .
   [3 0 0 0 0 0])
  ("path" .
   [2 0 0 0])
  (".replace" .
   [1 0 0 0 0 0 0 0])
  ("flat" .
   [1 0 0 0])
  ("keto" .
   [1 0 0 0])
  ("on" .
   [6 0])
  ("make" .
   [2 0 0 0])
  ("book" .
   [1 0 0 0])
  ("start-recorder" .
   [0 0 0 0 0 0 0 0 1 2 0 0 0 0])
  ("true" .
   [14 0 0 0])
  ("JTextPane" .
   [0 0 0 0 1 0 0 0 0])
  ("pane" .
   [3 0 0 0])
  ("k" .
   [2])
  ("is" .
   [4 0])
  ("after" .
   [1 0 0 0 0])
  ("rate" .
   [1 0 0 0])
  ("original" .
   [1 0 0 0 0 0 0 0])
  ("syncopation" .
   [3 0 0 0 0 0 0 0 0 0 0])
  ("deterministic" .
   [0 0 0 0 0 0 0 0 0 0 1 0 0])
  ("apply" .
   [1 0 0 0 0])
  ("trigger" .
   [4 0 0 0 0 0 0])
  ("sequencer-synth" .
   [1 0 0 0 0 0 0 0 0 0 0 0 0 0 0])
  ("midicps" .
   [1 0 0 0 0 0 0])
  (":minor" .
   [9 0 0 0 0 0])
  (":major" .
   [8 0 0 0 0 0])
  ("*" .
   [2])
  (":C#5" .
   [2 0 1 0])
  ("scale" .
   [15 0 0 0 0])
  ("if" .
   [21 0])
  ("ctl" .
   [4 0 0])
  ("tom" .
   [1 0 0])
  ("2.5" .
   [4 0 0])
  (":decay" .
   [5 0 0 0 0 0])
  ("gen-pattern" .
   [1 0 0 0 0 0 0 0 0 0 0])
  ("d" .
   [7])
  ("size" .
   [12 0 0 0])
  ("t" .
   [4])
  ("tone-snare" .
   [1 0 0 0 0 0 1 0 0 0])
  ("noise-snare" .
   [4 0 0 0 0 0 0 0 1 0 0])
  ("dub-kick" .
   [4 0 0 1 0 0 0 0])
  ("snare" .
   [2 0 0 0 0])
  ("bing" .
   [9 0 0 0])
  ("clap" .
   [1 0 0 0])
  ("choose" .
   [14 0 0 0 0 0])
  ("demo" .
   [1 0 0 0])
  ("sin-osc" .
   [3 0 0 0 0 0 0])
  ("sin" .
   [1 0 0])
  ("re" .
   [1 0])
  ("kill" .
   [9 0 0 0])
  ("s" .
   [8])
  ("uid" .
   [2 0 0])
  (":freq" .
   [2 0 0 0 0])
  ("player" .
   [4 0 0 0 0 0])
  ("closed-hat" .
   [1 0 0 0 0 0 1 0 0 1])
  ("ins" .
   [1 0 0])
  (":" .
   [4])
  ("cur-" .
   [1 0 0 0])
  ("stop" .
   [3 0 0 0])
  ("haziti-clap" .
   [0 0 0 2 1 0 0 0 0 0 0])
  ("do" .
   [6 0])
  ("in" .
   [28 0])
  ("beat-actions" .
   [2 0 0 0 0 0 0 2 0 0 0 0])
  ("instruments" .
   [3 0 0 0 0 0 0 0 0 0 0])
  ("args" .
   [18 0 0 0])
  ("cur-beat" .
   [2 0 0 0 0 0 0 0])
  ("beat" .
   [13 0 0 0])
  ("dance-kick" .
   [3 0 0 0 2 5 3 0 0 0])
  ("drum" .
   [1 0 0 0])
  ("overtone.inst.drum" .
   [3 0 0 0 0 0 0 0 0 0 0 0 0 0 0 0 0 0])
  ("kick" .
   [4 0 0 0])
  ("Figure" .
   [3 0 0 0 0 0])
  ("out" .
   [14 0 0])
  ("how" .
   [1 0 0])
  ("overtone" .
   [2 0 0 0 0 0 0 0])
  ("creates" .
   [1 0 0 0 0 0 0])
  ("synths" .
   [5 0 0 0 0 0])
  ("and" .
   [8 0 0])
  ("them" .
   [2 0 0 0])
  ("to" .
   [16 0])
  ("the" .
   [5 0 0])
  ("server" .
   [2 0 0 0 0 0])
  ("then" .
   [1 0 0 0])
  ("way" .
   [3 0 0])
  ("u" .
   [1])
  ("difference" .
   [1 0 0 0 0 0 0 0 0 0])
  ("between" .
   [2 0 0 0 0 0 0])
  ("instrument" .
   [10 0 0 0 0 0 1 0 0 0])
  ("synth" .
   [3 0 0 0 0])
  (":gate" .
   [5 0 0 0 0])
  ("gate" .
   [9 0 0 0])
  ("o" .
   [3])
  ("overtone.core" .
   [1 0 0 0 0 0 0 0 0 0 0 0 0])
  ("create" .
   [1 0 0 0 0 0])
  ("with" .
   [3 0 0 0])
  ("an" .
   [6 0])
  ("action" .
   [2 0 0 0 0 0])
  ("finite" .
   [1 0 0 0 0 0])
  ("free" .
   [1 0 0 0])
  ("vs" .
   [1 0])
  ("Or" .
   [1 0])
  ("bus" .
   [8 0 0])
  ("instead" .
   [1 0 0 0 0 0 0])
  ("def" .
   [33 0 0])
  ("sequencer" .
   [14 0 0 0 0 0 0 0 0])
  ("pattern" .
   [17 0 0 0 0 0 0])
  ("metro" .
   [1 0 0 0 0])
  ("doesn" .
   [1 0 0 0 0])
  ("catch" .
   [1 0 0 0 0])
  ("output" .
   [1 0 0 0 0 0])
  ("which" .
   [1 0 0 0 0])
  ("control" .
   [1 0 0 0 0 0 0])
  ("values" .
   [1 0 0 0 0 0])
  ("including" .
   [1 0 0 0 0 0 0 0 0])
  ("drum-samples" .
   [0 0 0 0 0 0 0 0 0 0 1 0])
  ("id" .
   [12 0])
  ("node-active?" .
   [1 0 0 0 0 0 0 0 0 0 0 0])
  ("perc" .
   [5 0 0 0])
  ("dur" .
   [17 0 0])
  ("amp" .
   [9 0 0])
  ("D" .
   [1])
  ("c" .
   [2])
  ("sweet" .
   [7 0 0 0 0])
  ("no" .
   [9 0])
  ("note" .
   [9 0 0 0])
  (":G" .
   [13 0])
  (":F" .
   [9 0])
  (":Ab" .
   [4 0 0])
  (":B" .
   [5 0])
  ("choices" .
   [1 0 0 0 0 0 0])
  ("s/gets" .
   [1 0 0 0 0 0])
  ("s/addp" .
   [5 0 0 0 0 0])
  ("note-player" .
   [2 0 0 0 0 0 0 1 0 0 0])
  ("get-motif" .
   [2 0 0 0 0 0 0 0 0])
  ("s/rmp" .
   [4 0 0 0 0])
  (":amp" .
   [21 0 0 0])
  ("s/kill-sequencer" .
   [0 0 0 0 0 0 1 0 0 0 0 0 0 0 0 0])
  ("freq" .
   [9 0 0 0])
  ("0.7" .
   [4 0 0])
  ("envelope" .
   [1 0 0 0 0 0 0 0])
  ("attack" .
   [4 0 0 0 0 0])
  ("sustain" .
   [1 0 0 0 0 0 0])
  ("release" .
   [1 0 0 0 0 0 0])
  ("0.05" .
   [4 0 0 0])
  ("0.01" .
   [16 0 0 0])
  ("s/get-source" .
   [0 0 0 0 0 0 0 1 0 1 0 0])
  (":clock-speed" .
   [0 0 0 0 1 1 0 0 0 0 0 0])
  ("beat-player" .
   [0 0 0 0 0 0 0 1 0 0 0])
  ("drum-kits" .
   [5 0 0 0 0 0 0 1 0])
  (".contains" .
   [2 0 0 0 0 0 0 0 0])
  ("0.2" .
   [26 0 0])
  ("0.5" .
   [26 0 0])
  ("0.1" .
   [31 0 0])
  ("vintage-bass" .
   [0 0 0 0 0 0 0 0 1 0 0 0])
  ("bass-fn" .
   [1 0 0 0 0 0 0])
  (":Kit6-Electro" .
   [1 0 0 0 0 0 0 0 0 0 1 0 0])
  ("nil" .
   [17 0 0])
  ("Add" .
   [1 0 0])
  ("some" .
   [1 0 0 0])
  ("functionality" .
   [1 0 0 0 0 0 0 0 0 0 0 0 0])
  ("use" .
   [1 0 0])
  ("as" .
   [2 0])
  ("custom" .
   [1 0 0 0 0 0])
  ("of" .
   [2 0])
  ("sequence" .
   [1 0 0 0 0 0 0 0])
  ("seconds" .
   [1 0 0 0 0 0 0])
  ("offsets" .
   [2 0 0 0 0 0 0])
  ("where" .
   [1 0 0 0 0])
  ("should" .
   [3 0 0 0 0 0])
  ("be" .
   [3 0])
  ("width" .
   [1 0 0 0 0])
  ("two" .
   [1 0 0])
  ("kr" .
   [4 0])
  ("granularity" .
   [0 0 0 0 0 0 1 0 0 0 0])
  ("max" .
   [3 0 0])
  ("sounds" .
   [15 0 0 0 0 0])
  ("kit" .
   [2 0 0])
  ("sound" .
   [5 0 0 0 0])
  ("defsynth" .
   [4 0 0 0 0 0 0 0])
  ("organ" .
   [8 0 0 0 0])
  ("env" .
   [5 0 0])
  ("snd" .
   [17 0 0])
  ("adsr" .
   [1 0 0 0])
  ("env-gen" .
   [3 0 0 0 0 0 0])
  (":action" .
   [4 0 0 0 0 0 0])
  ("FREE" .
   [3 0 0 0])
  ("s/adsr-ng" .
   [1 0 0 0 0 0 0 0 0])
  ("R" .
   [1])
  ("0.6" .
   [17 0 0])
  ("0.0" .
   [4 0 0])
  (":dur" .
   [21 0 0 0])
  ("s/play" .
   [5 0 0 0 0 0])
  ("chords" .
   [3 0 0 0 0 0])
  ("notes" .
   [2 0 0 0 0])
  (":C4" .
   [13 0 0])
  ("handle-beat-trigger" .
   [0 0 0 0 0 0 0 1 0 0 0 1 0 0 0 0 0 0 0])
  ("j" .
   [1])
  (".setBeat" .
   [1 0 0 0 0 0 0 0])
  ("schedule-job" .
   [2 0 0 0 0 0 0 0 0 0 0 0])
  (":id" .
   [2 0 0])
  (":ms-period" .
   [1 0 0 0 0 0 0 0 0 0])
  (":job" .
   [1 0 0 0])
  (":pool-info" .
   [0 0 0 0 0 1 0 0 0 0])
  ("pool-info" .
   [2 0 0 0 0 0 0 0 0])
  (":desc" .
   [1 0 0 0 0])
  (":scheduled?" .
   [1 0 0 0 0 0 0 0 0 0 0])
  ("job-args" .
   [1 0 0 0 0 0 0 0])
  (":step" .
   [3 0 0 0 0])
  ("now" .
   [1 0 0])
  ("." .
   [2])
  (".isShutdown" .
   [1 0 0 0 0 0 0 1 0 0 0])
  (":thread-pool" .
   [1 0 0 0 0 0 0 1 0 0 0 0])
  ("shutdown-pool-now!" .
   [1 0 0 0 0 0 0 0 0 0 0 0 0 0 0 0 1 0])
  ("t-pool" .
   [1 0 0 0 0 0])
  ("pool-atom" .
   [2 0 0 0 0 0 0 0 0])
  ("state" .
   [1 0 0 0 0])
  ("stop-s" .
   [2 0 0 0 0 0])
  ("immediate" .
   [1 0 0 0 0 0 0 0 0])
  ("false" .
   [7 0 0 0 0])
  (":state" .
   [3 0 0 0 0 0])
  (":beat" .
   [2 0 0 0 0])
  ("job-state" .
   [3 0 0 0 0 0 0 0 0])
  ("set-size" .
   [0 0 0 0 0 1 0 0])
  (":size" .
   [3 0 0 0 0])
  ("set-st" .
   [1 0 0 0 0 0])
  ("lower-case" .
   [1 0 0 0 0 0 0 0 0 0])
  ("clojure.string" .
   [1 0 0 0 0 0 0 0 0 0 0 0 0 0])
  (":Kit4-Electro" .
   [0 0 0 0 0 2 0 0 0 0 0 0 0])
  ("categorize-kit" .
   [0 0 0 0 1 0 0 0 0 0 0 0 0 0])
  ("random-beat" .
   [2 0 0 0 0 0 0 1 0 0 0])
  ("types" .
   [1 0 0 0 0])
  ("integer" .
   [2 0 0 0 0 0 0])
  (":kicks" .
   [2 0 0 0 0 0])
  (":snares" .
   [1 0 0 0 0 0 0])
  (":toms" .
   [1 0 0 0 0])
  (":clhats" .
   [3 0 0 0 0 0 0])
  ("s/set-size" .
   [1 0 0 0 0 0 0 0 0 0])
  (":ophats" .
   [0 0 0 0 0 1 0])
  ("1.25" .
   [1 0 0 0])
  (":snrs" .
   [2 0 0 0 0])
  ("node-status" .
   [0 0 0 0 0 0 0 0 0 2 0])
  ("n" .
   [1])
  ("s/add-p" .
   [5 0 0 0 0 2 1])
  ("pulse-beat" .
   [0 0 0 0 0 0 1 0 0 0])
  ("s/start-s" .
   [0 0 0 0 0 0 1 0 0])
  ("ensure-node-active!" .
   [0 0 0 0 0 0 0 0 0 0 0 1 0 0 0 0 0 0 0])
  (":Ab5" .
   [1 0 0 0])
  ("s/play-p" .
   [5 0 0 0 0 1 1 1])
  ("ks1" .
   [9 0 0])
  (":coef" .
   [5 0 0 0 0])
  ("piano" .
   [7 0 0 0 0])
  ("melissa" .
   [2 0 0 0 0 0 0])
  ("m" .
   [1])
  ("untitled" .
   [1 0 0 0 0 0 0 0])
  (":c" .
   [34 0])
  (":b" .
   [29 0])
  ("x-naut" .
   [3 0 1 0 0 0])
  (":d" .
   [25 0])
  (":e" .
   [20 0])
  (":bomba" .
   [1 0 0 0 0 0])
  ("beats" .
   [2 0 0 0 0])
  ("track1" .
   [9 0 0 0 0 1])
  (":main2" .
   [14 0 0 0 0 0])
  (":main3" .
   [9 0 0 0 0 0])
  ("1.3" .
   [3 0 0])
  ("arpeggi" .
   [5 0 0 0 2 0 0])
  (":C3" .
   [4 0 0])
  (":D2" .
   [2 0 0])
  (":F#3" .
   [1 0 0 0])
  (":Kit3-Acoustic" .
   [0 0 0 0 0 3 0 0 0 0 0 0 0 0])
  ("core" .
   [12 0 0 0])
  ("core/player" .
   [9 0 0 0 0 0 0 0 2 0 0])
  ("s/phrase-p" .
   [0 0 0 0 0 0 0 3 6 0])
  ("whistle" .
   [1 0 0 0 0 0 0])
  (":D5" .
   [1 0 0])
  (":f" .
   [12 0])
  (":Eb4" .
   [3 0 0 0])
  (":Eb5" .
   [1 0 0 0])
  ("chord-degree" .
   [3 0 0 0 0 0 0 0 0 1 0 0])
  (":ii" .
   [6 0 0])
  (":iii" .
   [5 0 0 0])
  (":v" .
   [6 0])
  (":i" .
   [2 0])
  ("pings" .
   [5 0 0 0 0])
  ("m-args" .
   [1 0 0 0 0 0])
  ("sp" .
   [1 0])
  ("sputter" .
   [1 0 0 0 0 0 0])
  (":sputter" .
   [1 0 0 0 0 0 0 0])
  ("sp-amt" .
   [1 0 0 0 0 0])
  (":sputter-amt" .
   [0 0 0 0 0 0 0 0 0 1 0 0])
  (":reverse" .
   [0 0 0 0 0 0 1 0])
  (":def" .
   [3 0 0 0])
  (":F#5" .
   [1 0 0 0])
  (":D3" .
   [5 0 0])
  ("chord" .
   [10 0 0 0 0])
  (":iv" .
   [5 0 0])
  (":vi" .
   [4 0 0])
  ("weighted-coin" .
   [0 0 0 0 0 1 1 0 0 0 0 0 0])
  ("cr1" .
   [1 0 0])
  ("cr3" .
   [1 0 0])
  ("cr6" .
   [1 0 0])
  ("o1" .
   [3 0])
  ("o2" .
   [3 0])
  ("sd" .
   [2 0])
  ("sd1" .
   [1 0 0])
  ("sd7" .
   [1 0 0])
  ("bass-synth" .
   [2 0 0 0 0 0 1 0 0 0])
  ("bpfsaw2" .
   [1 0 0 0 0 0 0])
  ("o3" .
   [2 0])
  ("strings" .
   [2 0 0 0 0 0 0])
  ("osc-handle" .
   [1 0 0 0 0 0 0 0 0 0])
  ("msg" .
   [2 0 0])
  ("octave" .
   [4 0 0 0 0 0])
  ("sc" .
   [1 0])
  (":scale" .
   [1 0 0 0 0 0])
  ("inst-in" .
   [1 0 0 0 0 0 0])
  ("DEGREE" .
   [2 0 0 0 0 0])
  ("Integer" .
   [1 0 0 0 0 0 0])
  ("Integer/parseInt" .
   [0 0 0 0 0 0 0 0 0 0 0 0 0 1 0 0])
  ("degree" .
   [11 0 0 0 0 0])
  ("arg-in" .
   [3 0 0 0 0 0])
  ("scale-notes" .
   [2 0 0 0 0 0 0 0 0 0 0])
  ("num-notes" .
   [3 0 0 0 0 0 0 0 0])
  ("inst" .
   [2 0 0 0])
  ("get-params" .
   [2 0 0 0 0 0 0 0 0 0])
  ("arg" .
   [5 0 0])
  ("find-note-name" .
   [1 0 0 0 0 0 0 0 0 1 0 0 0 0])
  ("find-scale-name" .
   [0 0 0 0 0 0 0 1 0 0 0 0 0 0 0])
  ("root" .
   [3 0 0 0])
  (".indexOf" .
   [1 0 0 0 0 0 0 0])
  ("scale-type" .
   [1 0 0 0 0 0 0 0 0 0])
  (":sd" .
   [1 0 0])
  ("rise-fall-pad" .
   [0 0 0 0 0 1 0 0 0 0 0 0 0])
  ("rise-pad" .
   [3 0 0 1 1 1 0 0])
  (":t" .
   [5 0])
  (":m7" .
   [2 0 0])
  (":M7" .
   [2 0 0])
  (":Kit5-Electro" .
   [0 0 0 0 0 0 0 0 1 0 0 0 0])
  ("f1" .
   [2 0])
  ("f2" .
   [1 0])
  ("f3" .
   [1 0])
  (":Kit16-Electro" .
   [0 0 0 0 0 0 1 0 0 0 0 0 0 0])
  ("s3" .
   [2 0])
  ("s9" .
   [1 0])
  ("cl1" .
   [2 0 0])
  (":snr" .
   [5 0 0 0])
  ("s10" .
   [1 0 0])
  (":use-counter" .
   [0 0 0 0 0 1 0 0 1 0 0 0])
  ("r" .
   [1])
  (":wrap" .
   [1 0 0 0 0])
  (":kick" .
   [6 0 0 0 0])
  (":E3" .
   [2 0 0])
  (":B2" .
   [1 0 0])
  (":E5" .
   [1 0 0])
  (":detune" .
   [1 0 0 0 0 0 0])
  ("cr4" .
   [1 0 0])
  ("cr7" .
   [1 0 0])
  ("h3" .
   [1 0])
  ("cy1" .
   [1 0 0])
  (":A3" .
   [2 0 0])
  (":Eb" .
   [1 0 0])
  (":r" .
   [1 0])
  ("con" .
   [3 0 0])
  (":c1" .
   [3 0 0])
  (":click" .
   [2 0 0 0 0 0])
  ("s/fit-p" .
   [1 0 0 0 0 1 0])
  (":13" .
   [1 0 0])
  ("s/p-size" .
   [0 0 0 0 0 0 1 0])
  (":20" .
   [1 0 0])
  (":15" .
   [4 0 0])
  ("att" .
   [1 0 0])
  (":tam" .
   [3 0 0 0])
  (":tamb" .
   [1 0 0 0 0])
  (":clap" .
   [1 0 0 0 0])
  (":cl1" .
   [3 0 0 0])
  ("new-size" .
   [3 0 0 0 0 0 0 0])
  ("new-map" .
   [1 0 0 0 0 0 0])
  ("get-step" .
   [1 0 0 0 0 0 0 0])
  (":zap" .
   [2 0 0 0])
  (":clp" .
   [2 0 0 0])
  (":k2" .
   [1 0 0])
  (":k1" .
   [1 0 0])
  (":32" .
   [1 0 0])
  (":28" .
   [2 0 0])
  (":motif2" .
   [1 0 0 0 0 0 0])
  ("require" .
   [3 0 0 0 0 0 0])
  ("clojure-mode" .
   [1 0 0 0 0 0 0 0 0 0 0 0])
  ("cider-eldoc" .
   [2 0 0 0 0 0 0 0 0 0 0])
  ("cider-nrepl" .
   [1 0 0 0 0 0 0 0 0 0 0])
  ("key" .
   [2 0 0])
  ("bindings" .
   [1 0 0 0 0 0 0 0])
  ("add" .
   [1 0 0])
  ("remove" .
   [1 0 0 0 0 0])
  ("queue" .
   [1 0 0 0 0])
  ("actions" .
   [1 0 0 0 0 0 0])
  ("Have" .
   [1 0 0 0])
  ("currently" .
   [1 0 0 0 0 0 0 0 0])
  ("playing" .
   [1 0 0 0 0 0 0])
  ("available" .
   [1 0 0 0 0 0 0 0 0])
  ("bank" .
   [1 0 0 0])
  ("each" .
   [2 0 0 0])
  ("has" .
   [1 0 0])
  ("buffer" .
   [1 0 0 0 0 0])
  ("visual" .
   [1 0 0 0 0 0])
  ("block" .
   [1 0 0 0 0])
  ("color" .
   [1 0 0 0 0])
  ("grid" .
   [2 0 0 0])
  (":whistle" .
   [1 0 0 0 0 0 0 0])
  (":bells" .
   [1 0 0 0 0 0])
  (":hat" .
   [1 0 0 0])))
